AO-07
1 07530U 74089B   22363.78438867 -.00000031  00000-0  95852-4 0  9998
2 07530 101.9300 344.4412 0012399  28.5194  92.6168 12.53659646202188
UO-11
1 14781U 84021B   22363.40300871  .00001243  00000-0  15504-3 0  9993
2 14781  97.6384 342.2135 0009445  47.6666 312.5348 14.84072081 68956
AO-16
1 20439U 90005D   22363.21770826  .00000164  00000-0  77091-4 0  9990
2 20439  98.8678 344.2483 0010550 347.1787  25.3427 14.32976703720567
LO-19
1 20442U 90005G   22363.73350739  .00000170  00000-0  78868-4 0  9998
2 20442  98.8222 331.8522 0011064 320.1088  39.9281 14.33130566721131
HUBBLE
1 20580U 90037B   22363.29159583  .00003242  00000-0  17600-3 0  9990
2 20580  28.4710 316.9857 0002381 343.0620 163.7976 15.11500308595710
MET-2/21
1 22782U 93055A   22363.37651689  .00000067  00000-0  47217-4 0  9992
2 22782  82.5484 219.5256 0022657 157.6571  15.0521 13.83868577480965
AO-27
1 22825U 93061C   22363.35339780  .00000089  00000-0  52212-4 0  9995
2 22825  98.8659  38.3017 0008137 196.8029 163.2884 14.30222582526017
IO-26
1 22826U 93061D   22363.32915511  .00000098  00000-0  55297-4 0  9991
2 22826  98.8604  38.1457 0008920 183.4219 176.6903 14.30574179526277
FO-29
1 24278U 96046B   22363.79018241 -.00000031  00000-0  18548-5 0  9992
2 24278  98.5145   0.5680 0350998 136.2896 226.6614 13.53126647302274
NOAA-15
1 25338U 98030A   22363.87856440  .00000141  00000-0  77058-4 0  9996
2 25338  98.6254  30.6752 0011430  88.4665 271.7824 14.26213953281127
GO-32
1 25397U 98043D   22363.30246003  .00000096  00000-0  61816-4 0  9995
2 25397  98.8458 314.5286 0000220 256.5667 103.5486 14.23798618271152
ISS
1 25544U 98067A   22363.95879745  .00017967  00000-0  32488-3 0  9998
2 25544  51.6443  86.7876 0005594 203.6924 320.3016 15.49741932375540
NO-44
1 26931U 01043C   22363.48614359  .00000156  00000-0  91173-4 0  9992
2 26931  67.0516 274.9590 0005290 276.4066  83.6433 14.30783759109308
SO-50
1 27607U 02058C   22363.21202115  .00001273  00000-0  19302-3 0  9998
2 27607  64.5554  65.7563 0080387 257.5957 101.6141 14.76526095 77127
CO-55
1 27844U 03031E   22363.26357569  .00000308  00000-0  15722-3 0  9992
2 27844  98.6793   8.0253 0008834 256.6569 103.3624 14.22569865 11570
CO-57
1 27848U 03031J   22363.28816551  .00000249  00000-0  13230-3 0  9995
2 27848  98.6833   8.5224 0008674 272.9755  87.0430 14.22110274 11357
RS-22
1 27939U 03042A   22363.67577613  .00001080  00000-0  19839-3 0  9999
2 27939  98.2161 144.7156 0011693 315.7686  44.2608 14.67696448 29676
NOAA-18
1 28654U 05018A   22363.74487376  .00000201  00000-0  13209-3 0  9992
2 28654  98.9300  73.8351 0015016 137.3444 222.8896 14.12829642907644
CO-58
1 28895U 05043F   22363.16918350  .00001326  00000-0  25736-3 0  9991
2 28895  98.1303 131.9033 0015397 246.5067 113.4518 14.64765775916149
Falconsat-3
1 30776U 07006E   22363.50731496  .00273527  00000-0  95942-3 0  9995
2 30776  35.4248  41.7256 0007718 151.7963 208.3198 15.87474648880147
CO-65
1 32785U 08021C   22363.38860420  .00003264  00000-0  33980-3 0  9994
2 32785  97.6846 328.4417 0011341 313.1435  46.8834 14.90465008795513
AAUSAT2
1 32788U 08021F   22363.37610686  .00006162  00000-0  50588-3 0  9996
2 32788  97.5573 342.2393 0009796 170.7219 189.4187 14.99512471797622
DO-64
1 32789U 08021G   22363.50000441  .00018678  00000-0  87802-3 0  9998
2 32789  97.3240  23.2527 0009447  15.3191 344.8328 15.19595706801482
CO-66
1 32791U 08021J   22363.37902624  .00003664  00000-0  34894-3 0  9992
2 32791  97.6361 333.7407 0011029 259.7947 100.2030 14.93960382796282
RS-30
1 32953U 08025A   22363.87047900  .00000024  00000-0  10000-3 0  9998
2 32953  82.5043  62.4071 0019517 190.4918 169.5760 12.43116656662611
PRISM
1 33493U 09002B   22363.83445000  .00006826  00000-0  52473-3 0  9999
2 33493  98.2460   2.0570 0016219 253.2517 106.6926 15.01979859758296
NOAA-19
1 33591U 09005A   22363.83940683  .00000176  00000-0  11972-3 0  9999
2 33591  99.1254  41.8634 0013848   3.2980 356.8280 14.12658300716034
SRMSAT
1 37841U 11058D   22363.54748399  .00000403  00000-0  76504-4 0  9996
2 37841  19.9704 155.6022 0011878 327.9921  90.0015 14.10807022578824
HRBE
1 37855U 11061F   22363.35391499  .00011981  00000-0  47489-3 0  9991
2 37855 101.7126 226.5973 0140852 196.5643 163.0949 15.16964358610733
RS-40
1 38735U 12041C   22363.42577063  .00000003  00000-0 -45165-4 0  9993
2 38735  82.4747 143.9521 0016629 307.5708  52.3866 12.42589374472737
ZACUBE-1
1 39417U 13066B   22363.46789064  .00002409  00000-0  29275-3 0  9993
2 39417  97.6638 326.5366 0057971 124.1132 236.5601 14.83197446492026
Delfi-N3xt
1 39428U 13066N   22363.52216502  .00004750  00000-0  71709-3 0  9994
2 39428  97.8276 289.7172 0115850  14.4526 345.9947 14.70275608487184
GOMX-1
1 39430U 13066Q   22363.71930145  .00001333  00000-0  24241-3 0  9997
2 39430  97.7966 259.6647 0148494 148.4579 212.5643 14.60764717484790
LO-74
1 39440U 13066AA  22363.79055820  .00002202  00000-0  29914-3 0  9992
2 39440  97.7529 313.4843 0076581 216.8585 142.7349 14.77809541490323
AO-73
1 39444U 13066AE  22363.80410853  .00003238  00000-0  37979-3 0  9999
2 39444  97.6508 329.3044 0056797 110.1032 250.6307 14.84467981491085
SPROUT
1 39770U 14029E   22363.58160449  .00010896  00000-0  10234-2 0  9991
2 39770  97.9571 122.3178 0008395 155.2704 204.8911 14.94101125466761
DTUSAT-2
1 40030U 14033W   22363.07857518  .00002558  00000-0  26455-3 0  9990
2 40030  97.9536 296.8732 0012365 127.9649 232.2688 14.90961585462630
EO-80
1 40032U 14033Y   22363.38949171  .00003065  00000-0  31581-3 0  9993
2 40032  97.9539 297.2025 0012374 127.6488 232.5855 14.90950013462658
HODOYOSHI-1
1 40299U 14070B   22363.77643743  .00007542  00000-0  26799-3 0  9997
2 40299  97.2198  66.1512 0012162 155.8121 344.5316 15.29220998452888
FIREBIRD FU3
1 40377U 15003B   22363.49050805  .00029988  00000-0  69778-3 0  9993
2 40377  99.0782 272.8392 0084804  80.3885 280.6924 15.38500283438301
FIREBIRD FU4
1 40378U 15003C   22363.50301784  .00029269  00000-0  67872-3 0  9996
2 40378  99.0795 273.1194 0084619  79.8398 281.2373 15.38622467438322
GRIFEX
1 40379U 15003D   22363.68027152  .00013567  00000-0  42020-3 0  9992
2 40379  99.0856 256.6148 0104948 129.5188 231.5382 15.28305989437394
XW-2A
1 40903U 15049E   22363.80175095  .00056605  00000-0  55284-3 0  9995
2 40903  97.1502  63.6810 0008100 107.0309  30.3709 15.65976262409683
XW-2C
1 40906U 15049H   22363.77252164  .00007706  00000-0  34489-3 0  9999
2 40906  97.4953   5.9558 0014359  43.0118  42.1854 15.21472377402592
XW-2D
1 40907U 15049J   22363.83055763  .00009026  00000-0  39153-3 0  9993
2 40907  97.4942   6.2040 0013429  38.4509  84.2370 15.22498861402665
LILACSAT-2
1 40908U 15049K   22363.82323095  .00003969  00000-0  20295-3 0  9996
2 40908  97.5223   2.7070 0016360  62.7330  58.9674 15.17125787402092
XW-2E
1 40909U 15049L   22363.75649521  .00015172  00000-0  55764-3 0  9992
2 40909  97.4626  11.2224 0011626  16.0081  69.7664 15.27935685403187
XW-2F
1 40910U 15049M   22363.82602058  .00015072  00000-0  56326-3 0  9990
2 40910  97.4708  10.4780 0012451  16.6259 107.7445 15.27379252402954
XW-2B
1 40911U 15049N   22363.80659898  .00008926  00000-0  38890-3 0  9999
2 40911  97.4924   6.7073 0013571  38.4693  87.3113 15.22352692402540
DCBB
1 40912U 15049P   22363.80012556  .00017888  00000-0  59492-3 0  9992
2 40912  97.4303  14.8182 0010456 339.7748 194.7027 15.31173678403587
TW-1A
1 40928U 15051D   22363.79982108  .09201092  21690-5  85924-3 0  9992
2 40928  96.9993  28.5009 0003467 313.2323 142.4476 16.38834510408965
IO-86
1 40931U 15052B   22363.68272884  .00001325  00000-0  94718-4 0  9995
2 40931   5.9955 216.3032 0012783  48.9794 311.1491 14.76957664392257
AO-85
1 40967U 15058D   22363.27712512  .00002113  00000-0  24590-3 0  5736
2 40967  64.7741 198.7633 0169712 134.4126 227.1086 14.78302661 89451
ATHENOXAT-1
1 41168U 15077C   22363.91750000  .00028688  00000-0  97935-3 0  9996
2 41168  14.9901  75.2526 0007780 116.4979 224.0095 15.28120922390165
ChubuSat-2
1 41338U 16012B   22363.87851506  .00002826  00000-0  20246-3 0  9990
2 41338  31.0017 218.8572 0013216 293.2043  66.7201 15.02254006376881
ChubuSat-3
1 41339U 16012C   22363.86513249  .00002443  00000-0  17409-3 0  9991
2 41339  31.0100 215.8686 0013134 301.2931  58.6450 15.02259543376880
Horyu-4
1 41340U 16012D   22363.23310752  .00004373  00000-0  29587-3 0  9992
2 41340  31.0028 193.9715 0012898 341.3679  18.6485 15.04804790377078
e-st@r-II
1 41459U 16025D   22363.74996994  .00015729  00000-0  60375-3 0  9998
2 41459  98.1900 184.2740 0130722 324.5285  34.7390 15.18879554367085
AAUSAT4
1 41460U 16025E   22363.90581184  .00034075  00000-0  10319-2 0  9996
2 41460  98.1788 192.8577 0104250 292.9793 185.6961 15.28817274367692
LO-87
1 41557U 16033B   22363.79225277  .00023312  00000-0  56238-3 0  9990
2 41557  97.3894 102.6115 0010091  42.3443 114.7688 15.41166442367398
NuSat2
1 41558U 16033C   22363.83493856  .00021419  00000-0  48761-3 0  9994
2 41558  97.4149 109.5059 0009931  28.4163  88.5563 15.42929297367702
Lapan A3
1 41603U 16040E   22363.77454417  .00001702  00000-0  78905-4 0  9993
2 41603  97.1854  32.1158 0012628 186.0383 294.1848 15.21288930361722
Pratham
1 41783U 16059A   22363.35858291  .00000568  00000-0  11755-3 0  9992
2 41783  97.8908  36.8786 0031931 278.2960  81.4623 14.63556588334134
TY-1
1 41844U 16066D   22363.80412002  .00022755  00000-0  63839-3 0  9996
2 41844  97.3819  15.5855 0009979 319.6825 213.5005 15.36530954341530
CAS-2T
1 41847U 16066G   22363.20569508  .00000844  00000-0  13620-3 0  9995
2 41847  98.5283  67.4662 0362102 347.2359  11.9841 14.38980997322356
EO-88
1 42017U 17008BX  22363.40523161  .00028000  00000-0  62931-3 0  9992
2 42017  97.2437  67.4028 0002656 265.4260  94.6685 15.43304584327040
CAS-4B
1 42759U 17034B   22363.95627958  .00006117  00000-0  34561-3 0  9996
2 42759  43.0187 333.8366 0009071  82.8852 312.0590 15.13711122305961
CAS-4A
1 42761U 17034D   22363.78883466  .00006200  00000-0  34913-3 0  9992
2 42761  43.0178 333.4035 0009330  84.3516 344.2614 15.13811637305949
NIUSat
1 42766U 17036B   22363.34395487  .00010420  00000-0  35694-3 0  9998
2 42766  97.1808  34.4156 0012350   2.2960 357.8336 15.30315692306563
Aalto 1
1 42775U 17036L   22363.32352023  .00008396  00000-0  30252-3 0  9999
2 42775  97.1760  33.8905 0011596   3.5134 356.6186 15.28732535306514
URSA MAIOR
1 42776U 17036M   22363.34527040  .00009243  00000-0  32323-3 0  9998
2 42776  97.1772  34.8761 0011147   1.6988 358.4288 15.29688723306565
Max Valier Sat
1 42778U 17036P   22363.06525498  .00010872  00000-0  36527-3 0  9994
2 42778  97.1819  37.6573 0009853   3.7295 356.4019 15.30959129306637
Pegasus
1 42784U 17036V   22363.07215350  .00014467  00000-0  44048-3 0  9996
2 42784  97.1753  39.0264 0008913   2.7859 357.3433 15.34056000306792
NUDATSat
1 42787U 17036Y   22363.57360042  .00041708  00000-0  91312-3 0  9997
2 42787  97.1794  45.5986 0007173 339.8135  20.2831 15.43981517307082
SUCHAI 1
1 42788U 17036Z   22363.35689776  .00019245  00000-0  52707-3 0  9998
2 42788  97.1748  41.6158 0007758 355.2896   4.8274 15.37331394307056
SKCUBE
1 42789U 17036AA  22363.35656221  .00016497  00000-0  47486-3 0  9992
2 42789  97.1750  40.7786 0008043 357.3160   2.8039 15.35807433306924
VZLUSAT 1
1 42790U 17036AB  22363.35304105  .00033223  00000-0  73919-3 0  9991
2 42790  97.1757  45.2815 0006068 345.0967  15.0101 15.43556492307191
VENTA 1
1 42791U 17036AC  22363.37385648  .00013886  00000-0  41893-3 0  9994
2 42791  97.1759  40.4360 0008118 359.0832   1.0396 15.34363090306897
Robusta 1B
1 42792U 17036AD  22363.09035516  .00017935  00000-0  49942-3 0  9992
2 42792  97.1746  41.2844 0007529 357.5372   2.5835 15.36829902306948
D-SAT
1 42794U 17036AF  22363.56703543  .00002019  00000-0  17018-3 0  9994
2 42794  97.4578 358.8581 0121453 150.7907 210.0178 14.93666691300598
TechnoSat
1 42829U 17042E   22363.63376768  .00001799  00000-0  18028-3 0  9999
2 42829  97.3982 206.2105 0015357  75.3193 284.9728 14.92440403297199
AO-91
1 43017U 17073E   22363.41389893  .00005087  00000-0  37713-3 0  9998
2 43017  97.6517 249.5569 0241373 268.5811  88.7744 14.83141003275998
PICSAT
1 43132U 18004X   22362.21069905  .00024900  00000-0  66541-3 0  9993
2 43132  97.3542  78.1050 0007447  32.8742 327.2965 15.38045572276115
AO-92
1 43137U 18004AC  22363.40232427  .00013773  00000-0  41736-3 0  9996
2 43137  97.3502  77.1601 0007827  38.3187 321.8610 15.34230993276186
TianYi 2
1 43155U 18008A   22363.79179147  .00010558  00000-0  51265-3 0  9997
2 43155  97.3274  55.9942 0014888 178.2143 317.8962 15.18544285272887
Zhou Enlai
1 43156U 18008B   22363.82251376  .00011482  00000-0  55820-3 0  9995
2 43156  97.3320  55.9741 0012117 178.3178 293.1915 15.18512817272812
TianYi 6
1 43158U 18008D   22363.91129243  .00009155  00000-0  46628-3 0  9994
2 43158  97.3278  53.5933 0012001 178.3924 356.1523 15.16945285272704
S-Net D
1 43186U 18014G   22363.50765217  .00002131  00000-0  18154-3 0  9994
2 43186  97.6481 265.4487 0011454  10.4087 349.7371 14.98778528268122
S-Net B
1 43187U 18014H   22363.77514687  .00002175  00000-0  18520-3 0  9992
2 43187  97.6474 265.6527 0011401   8.9160 351.2263 14.98776423268162
S-Net A
1 43188U 18014J   22363.30810262  .00002042  00000-0  17417-3 0  9997
2 43188  97.6481 265.2697 0011442  10.9286 349.2184 14.98774199268091
S-Net C
1 43189U 18014K   22363.50954395  .00002159  00000-0  18391-3 0  9997
2 43189  97.6471 265.3779 0011386   9.4318 350.7117 14.98768799266673
FMN 1
1 43192U 18015A   22363.77794034  .00087518  00000-0  12441-2 0  9994
2 43192  97.5524 156.4455 0007888  37.1755  69.7196 15.56055345273607
Shaonian Xing
1 43199U 18015H   22363.78249884  .00032714  00000-0  73972-3 0  9995
2 43199  97.5337 148.9478 0011527  63.9052  43.6096 15.43029838273467
SurfSat
1 43614U 18070B   22363.48582475  .00229741  00000-0  91028-3 0  9991
2 43614  92.9958 182.4601 0005907 327.5391  32.5524 15.86158335241570
CP-7 DAVE
1 43615U 18070C   22363.46116695  .00139572  00000-0  80098-3 0  9994
2 43615  92.9965 181.9321 0006624 330.9519  29.1387 15.78371320241480
CubeBel-1
1 43666U 18083E   22363.79895003  .00015340  00000-0  57035-3 0  9998
2 43666  97.4022  30.5823 0012634  12.1019 103.1838 15.27539555231256
Changshagaoxin
1 43669U 18083H   22363.79975845  .00012920  00000-0  51095-3 0  9995
2 43669  97.3988  25.9425 0009216  15.5950  98.6326 15.25562861231049
Ten-Koh
1 43677U 18084G   22363.31973982  .00002017  00000-0  20584-3 0  9998
2 43677  97.9884 135.5416 0015424 354.2581   5.8458 14.91732959226722
PO-101
1 43678U 18084H   22363.36286504  .00001547  00000-0  15607-3 0  9998
2 43678  97.9959 139.3011 0009956  11.4089 348.7348 14.92592456226923
IRVINE 01
1 43693U 18088D   22363.84950518  .00217281  00000-0  19388-2 0  9998
2 43693  85.0170 176.2897 0006032  42.7136 317.4599 15.67743949230448
QO-100
1 43700U 18090A   22363.29034017  .00000147  00000-0  00000-0 0  9996
2 43700   0.0190 343.8758 0001505 336.1054 268.0510  1.00271759 14983
Reaktor Hello World
1 43743U 18096AA  22363.17952691  .00018892  00000-0  46817-3 0  9998
2 43743  97.3377  82.7992 0014240  79.7479 280.5372 15.40338571227869
MinXSS-2
1 43758U 18099A   22363.43821064  .00003697  00000-0  31174-3 0  9992
2 43758  97.6013  66.5638 0014290 331.8750  28.1699 14.98695870222291
AO-95
1 43770U 18099N   22363.44497795  .00003520  00000-0  30592-3 0  9995
2 43770  97.5973  64.6046 0013166 346.5954  13.4917 14.97556240222185
RANGE-B
1 43772U 18099Q   22363.60611840  .00005381  00000-0  45335-3 0  9992
2 43772  97.6122  66.9540 0012105 335.4843  24.5802 14.98556659222242
RANGE-A
1 43773U 18099R   22363.43687716  .00002520  00000-0  22453-3 0  9997
2 43773  97.5894  63.1277 0012300 334.0107  26.0496 14.96847166222159
MOVE-II
1 43780U 18099Y   22363.59481511  .00006160  00000-0  50401-3 0  9995
2 43780  97.6025  66.4524 0010545 348.3779  11.7199 14.99644261222286
SNUSat 2
1 43782U 18099AA  22363.40806169  .00003140  00000-0  27294-3 0  9996
2 43782  97.5999  65.0774 0011262 335.3614  24.7069 14.97648606222207
SnugLite
1 43784U 18099AC  22363.41171197  .00002931  00000-0  25279-3 0  9993
2 43784  97.5961  64.7045 0013843 341.1585  18.9123 14.97981750222233
ITASat 1
1 43786U 18099AE  22363.49453962  .00002527  00000-0  22103-3 0  9990
2 43786  97.6009  65.6647 0014180 338.4355  21.6269 14.97553717222236
EAGLET 1
1 43790U 18099AJ  22363.44405649  .00002375  00000-0  20819-3 0  9992
2 43790  97.5996  66.1560 0012345 341.9866  18.0917 14.97541308221964
ESEO
1 43792U 18099AL  22363.40283146  .00001837  00000-0  16575-3 0  9992
2 43792  97.5960  65.0081 0012426 343.2895  16.7916 14.96680813221980
CSIM
1 43793U 18099AM  22363.41496370  .00005181  00000-0  41710-3 0  9994
2 43793  97.6107  67.4001 0014484 334.1727  25.8772 15.00302353222092
Astrocast 0.1
1 43798U 18099AS  22363.60992173  .00005394  00000-0  44717-3 0  9998
2 43798  97.6047  67.1681 0010169 323.3163  36.7363 14.99190017222334
JO-97
1 43803U 18099AX  22363.43353723  .00003367  00000-0  28724-3 0  9996
2 43803  97.5963  65.4444 0013969 335.4288  24.6268 14.98306747222257
Suomi 100
1 43804U 18099AY  22363.13397479  .00004153  00000-0  35464-3 0  9993
2 43804  97.5976  65.0256 0013547 341.8676  18.2062 14.98143902222212
Al Farabi 2
1 43805U 18099AZ  22363.89548203  .00003895  00000-0  32488-3 0  9995
2 43805  97.6007  66.5230 0014664 334.8931  25.1577 14.99078627222360
CHOMPTT
1 43855U 18104G   22363.50996510  .00012766  00000-0  41715-3 0  9993
2 43855  85.0333 280.7570 0011301 225.6938 134.3384 15.31539742224531
ISAT
1 43879U 18111D   22363.50086483  .00004481  00000-0  36959-3 0  9995
2 43879  97.6566 265.5832 0014444  30.8951 329.3119 14.99443609218880
UWE-4
1 43880U 18111E   22363.48828731  .00005219  00000-0  42908-3 0  9995
2 43880  97.6585 266.3876 0013273  38.7586 321.4587 14.99505799218915
Sparrow
1 43881U 18111F   22363.48071637  .00005116  00000-0  41817-3 0  9995
2 43881  97.6576 266.6953 0012324  39.1822 321.0291 14.99745989218925
Lume 1
1 43908U 18111AJ  22363.43136441  .00014619  00000-0  42780-3 0  9993
2 43908  97.1648 245.3269 0018356  93.5773 266.7571 15.35174972223251
FO-99
1 43937U 19003F   22363.31198624  .00017043  00000-0  47502-3 0  9995
2 43937  97.1109  29.5415 0017937 168.4719 191.6940 15.36674661219832
AstroCast 0.2
1 44083U 19018F   22363.63137093  .00021198  00000-0  67755-3 0  9990
2 44083  97.2967  59.1335 0008910 141.5477 218.6401 15.32428663208310
AISTechSat 3
1 44103U 19018AB  22363.41001017  .00011476  00000-0  37668-3 0  9993
2 44103  97.2829  58.9858 0011436 155.0013 205.1784 15.31685968208441
AISat 1
1 44104U 19018AC  22363.48214917  .00011871  00000-0  29578-3 0  9996
2 44104  97.3849  87.6854 0048448 151.6626 208.7271 15.39149097209554
Prox-1
1 44339U 19036A   22363.43167593  .00004685  00000-0  98568-3 0  9998
2 44339  24.0021  41.3832 0009869 190.4429 169.5858 14.56492499186792
Oculus-ASR
1 44348U 19036K   22363.79135762  .00180316  24456-5  82171-3 0  9995
2 44348  28.4914 257.6697 0134902  27.1659 333.5930 15.69931342194872
NO-104
1 44354U 19036R   22363.76624131  .00198463  50191-5  75167-3 0  9996
2 44354  28.5168 236.5212 0118907  56.9443 304.2524 15.75899188195073
Move-IIb
1 44398U 19038N   22363.60802546  .00018859  00000-0  76355-3 0  9996
2 44398  97.6497 335.7120 0018768 164.0558 196.1275 15.24571859192709
SONATE
1 44400U 19038Q   22363.88489209  .00007002  00000-0  35670-3 0  9990
2 44400  97.6659 333.8168 0022424 174.4524 185.6961 15.16892363192539
BeeSat 9
1 44412U 19038AC  22363.37118951  .00009969  00000-0  45307-3 0  9992
2 44412  97.6596 334.8258 0018463 173.4814 186.6664 15.20809618192270
JAISAT-1
1 44419U 19038F   22363.36304001  .00010301  00000-0  46226-3 0  9994
2 44419  97.6600 335.8016 0017616 170.0620 190.0967 15.21249623192644
Taurus 1
1 44530U 19059C   22363.63277422  .00003145  00000-0  85764-3 0  9995
2 44530  98.5504 104.1839 0012619 244.1988 115.7880 14.48029569174088
Duchifat 3
1 44854U 19089C   22363.47587876  .00005242  00000-0  39011-3 0  9990
2 44854  36.9652  22.9097 0007176   0.3805 149.3113 15.02759188167264
OPS-SAT
1 44878U 19092F   22363.74175206  .00013738  00000-0  56300-3 0  9999
2 44878  97.4764 186.5616 0012171  23.0099 337.1681 15.24326700167898
TO-108
1 44881U 19093C   22363.18466049  .00000788  00000-0  10589-3 0  9990
2 44881  97.8788  79.4700 0013484 272.9022  87.0677 14.81996793163614
FloripaSat 1
1 44885U 19093G   22363.67698777  .00002697  00000-0  33000-3 0  9997
2 44885  97.8845  81.8407 0012822 275.9099  84.0698 14.84004128163799
RS-44
1 44909U 19096E   22363.25497789  .00000023  00000-0  52197-4 0  9991
2 44909  82.5217 100.8675 0216891 224.0446 134.3200 12.79717347140421
BY70-2
1 45857U 20042B   22363.94081313  .00010370  00000-0  12834-2 0  9993
2 45857  97.9418  79.1451 0009954 194.8452 165.2475 14.82893055134391
UPMSat 2
1 46276U 20061E   22363.43549331  .00004805  00000-0  22649-3 0  9995
2 46276  97.3707  69.7748 0001477 142.0054 218.1286 15.19956906128477
AmicalSat
1 46287U 20061R   22363.42476040  .00006189  00000-0  33437-3 0  9996
2 46287  97.4250  68.5382 0001946   2.2249 357.8992 15.15053188127962
SALSAT
1 46495U 20068K   22363.43974777  .00003512  00000-0  24748-3 0  9997
2 46495  97.7526 305.1309 0015642 343.4830  16.5885 15.05586992123515
BY70-3
1 46839U 20079N   22363.84398684  .00058348  00000-0  85778-3 0  9990
2 46839  97.1770  74.5784 0003297 355.4140 146.0831 15.55282785120454
CAPE 3
1 47309U 21002A   22363.51308533  .00014409  00000-0  49639-3 0  9994
2 47309  60.6824 348.5818 0042173  91.6974 268.8947 15.29470960108232
AO-109
1 47311U 21002C   22363.52953241  .00012230  00000-0  42591-3 0  9990
2 47311  60.6847 345.9498 0038842  89.9624 270.5917 15.29380755108256
MiTEE 1
1 47314U 21002F   22363.47358833  .00035645  00000-0  87380-3 0  9993
2 47314  60.6796 331.6296 0036093  83.1058 277.4141 15.39851991108513
ExoCube 2
1 47319U 21002L   22363.52313952  .00011880  00000-0  42044-3 0  9990
2 47319  60.6832 347.5309 0039770  91.4886 269.0760 15.28847104108193
UVSQ-SAT
1 47438U 21006AB  22363.41150517  .00007154  00000-0  35009-3 0  9992
2 47438  97.4123  58.4533 0010196 324.1101  35.9447 15.18449661106836
YUSAT 1
1 47439U 21006AC  22363.42911051  .00008878  00000-0  42154-3 0  9995
2 47439  97.4132  58.7773 0009822 323.4205  36.6358 15.19431783106855
SOMP 2b
1 47445U 21006AJ  22363.39593557  .00007451  00000-0  36995-3 0  9997
2 47445  97.4096  57.9166 0010073 329.2890  30.7753 15.17930111106819
IDEASSat
1 47458U 21006AX  22363.13564601  .00006539  00000-0  32702-3 0  9999
2 47458  97.4183  58.3357 0009312 329.3603  30.7086 15.17733030106768
CubeSX-Sirius-HSE
1 47951U 21022V   22363.80967859  .00006021  00000-0  37884-3 0  9993
2 47951  97.5136 259.2259 0019527 193.3838 239.0215 15.09411154 97449
CubeSX-HSE
1 47952U 21022W   22363.78928860  .00006774  00000-0  42492-3 0  9996
2 47952  97.5139 259.2390 0019709 192.6782 237.9348 15.09474974 97444
KSU-Cubesat
1 47954U 21022Y   22362.70684210  .00006252  00000-0  38840-3 0  9990
2 47954  97.5143 258.3807 0018956 195.0552 165.0116 15.09875371 97012
GRBAlpha
1 47959U 21022AD  22363.84835226  .00006768  00000-0  42406-3 0  9991
2 47959  97.5146 259.3555 0019522 192.8308 231.9099 15.09520775 96270
Orbicraft-Zorkiy
1 47960U 21022AE  22363.80027172  .00007323  00000-0  45464-3 0  9997
2 47960  97.5164 259.5513 0019189 192.8377 255.7699 15.09834118 96968
STECCO
1 47962U 21022AG  22363.77220728  .00010826  00000-0  61718-3 0  9999
2 47962  97.5131 260.8257 0014087 182.4346 264.5600 15.12875374 96364
DO-111
1 47963U 21022AH  22363.40644907  .00026629  00000-0  11590-2 0  9999
2 47963  97.5167 263.2824 0013439 168.2027 191.9527 15.22128745 96500
MO-110
1 47964U 21022AJ  22363.41550737  .00010038  00000-0  56435-3 0  9993
2 47964  97.5143 260.8783 0016748 180.2480 179.8746 15.13361592 96333
FEES
1 48082U 21022AL  22362.94872195  .00013557  00000-0  72322-3 0  9999
2 48082  97.5147 260.6565 0012757 175.7748 184.3595 15.15205889 95988
CSS
1 48274U 21035A   22363.79827161  .00017318  00000-0  21161-3 0  9997
2 48274  41.4764 108.1708 0005697 237.7628 261.5303 15.60009205 95349
TUBIN
1 48900U 21059X   22363.86665688  .00005797  00000-0  30738-3 0  9999
2 48900  97.5772 132.1334 0010575 142.0722  21.3960 15.15716126 83493
IT-SPINS
1 49017U 21013G   22363.54608007  .00011640  00000-0  39180-3 0  9990
2 49017  51.5945 183.2133 0007434  71.2484 288.9302 15.31191064 83629
LEDSAT
1 49069U 21073D   22363.47792942  .00005759  00000-0  35100-3 0  9999
2 49069  97.5047  72.4952 0025681 348.8759  11.1900 15.10477143 75251
CUTE
1 49263U 21088D   22363.14783394  .00005075  00000-0  36103-3 0  9991
2 49263  97.5665  67.1575 0020363 121.3609 238.9613 15.04923530 68683
TeikyoSat 4
1 49396U 21102B   22363.42864447  .00001877  00000-0  15009-3 0  9993
2 49396  97.5426  55.4906 0015985 324.5136  35.5024 15.01313712 62299
Z-Sat
1 49399U 21102E   22363.84317632  .00003278  00000-0  24476-3 0  9996
2 49399  97.5107  57.0662 0021849 287.0615  72.8217 15.03327639 62435
KOSEN 1
1 49402U 21102H   22363.62356914  .00003328  00000-0  24027-3 0  9991
2 49402  97.5056  57.1316 0020076 277.4531  82.4414 15.04618457 62440
HO-113
1 50466U 21131B   22363.55188098  .00000316  00000-0  11771-3 0  9999
2 50466  98.5669  80.5756 0003485 288.0708  72.0099 14.38605526 52969
Tevel-3
1 50988U 22002E   22363.37969559  .00011043  00000-0  55022-3 0  9991
2 50988  97.4589  67.2335 0010323 104.6014  26.0089 15.17687636 52940
Tevel-8
1 50989U 22002F   22363.78896293  .00011083  00000-0  55295-3 0  9997
2 50989  97.4600  67.6761 0010266 103.0259  36.5637 15.17640241 53006
Tevel-5
1 50998U 22002Q   22363.79777950  .00011275  00000-0  55229-3 0  9996
2 50998  97.4585  67.8682 0011900 100.0786  38.7986 15.18262774 53025
Tevel-6
1 50999U 22002R   22363.44381699  .00011216  00000-0  54944-3 0  9998
2 50999  97.4585  67.5153 0011856 101.7401 269.2549 15.18261174 52970
Tevel-1
1 51013U 22002AF  22363.83467417  .00011105  00000-0  55358-3 0  9999
2 51013  97.4582  67.6451 0010370 103.9974 319.6884 15.17667947 53011
Grizu-263a
1 51025U 22002AT  22363.13627591  .00020091  00000-0  84303-3 0  9992
2 51025  97.4757  69.1739 0012127 103.1745 257.0846 15.23445329 53001
NO-116
1 51031U 22002AZ  22363.45306145  .00013699  00000-0  62689-3 0  9992
2 51031  97.4714  68.6966 0013054 103.9677 256.3011 15.20559837 53013
IRIS-A
1 51044U 22002BN  22363.13992125  .00006052  00000-0  32345-3 0  9991
2 51044  97.4597  66.4732 0010254 108.3311 251.9037 15.15409695 52878
Tevel-7
1 51062U 22002CG  22363.79099472  .00011133  00000-0  55538-3 0  9991
2 51062  97.4597  67.6576 0010296 102.0614  37.4207 15.17641185 53006
Tevel-4
1 51063U 22002CH  22363.79299471  .00011075  00000-0  55285-3 0  9997
2 51063  97.4601  67.6527 0010428 103.0578  36.1755 15.17620695 53003
Tevel-2
1 51069U 22002CP  22363.30403326  .00011006  00000-0  54851-3 0  9998
2 51069  97.4585  67.1369 0010161 104.4725 323.0760 15.17681953 52931
DELFI-PQ
1 51074U 22002CU  22363.42472105  .00014857  00000-0  64196-3 0  9998
2 51074  97.4840  70.0858 0013111 130.4845 229.7536 15.22504175 53061
SO-115
1 51080U 22002DA  22363.44230125  .00009801  00000-0  45373-3 0  9990
2 51080  97.4853  69.6644 0013533 131.6035 228.6362 15.20243898 53033
SO-114
1 51081U 22002DB  22363.44174221  .00009959  00000-0  46044-3 0  9995
2 51081  97.4844  69.6275 0013825 131.5266 228.7158 15.20278876 53031
OreSat0
1 52017U 22026K   22362.57273897  .00009619  00000-0  47152-3 0  9997
2 52017  97.5092   0.3496 0024596 324.4491  35.5103 15.18077579 43604
Planetum 1
1 52738U 22057G   22363.54913317  .00008074  00000-0  44116-3 0  9998
2 52738  97.5260 115.4888 0007055 210.9120 149.1697 15.14548098 32932
Foresail-1
1 52766U 22057AL  22363.81277141  .00006486  00000-0  34750-3 0  9995
2 52766  97.5369 116.4084 0012742 192.7837 318.4872 15.15278085 32992
SNUGLITE 2
1 52899U 22065F   22363.13772295  .00000941  00000-0  21159-3 0  9995
2 52899  98.0429 148.0532 0008747  35.4264 324.7516 14.58634945 26061
CTIM
1 52950U 22074G   22363.65063070  .00014392  00000-0  51564-3 0  9992
2 52950  45.0195 216.0083 0007381 233.5770 126.4386 15.28681165 27544
IO-117
1 53106U 22080B   22354.08419093 -.00000003  00000-0  00000 0 0  9990
2 53106  70.1702  21.9397 0008914 226.9685 182.2049  6.42557326 10248
AstroBioCubeSat
1 53107U 22080C   22335.48380186 -.00000003  00000-0  00000-0 0  9995
2 53107  70.1769  28.4953 0013706 220.7562 139.2073  6.42110748  8950
CELESTA
1 53111U 22080G   22310.17474584 -.00000003  00000-0  00000 0 0  9994
2 53111  70.4223  37.2580 0024959 243.8956 115.9136  6.43203861  7301
RS4S
1 53306U 98067TR  22363.61123873  .00228189  00000-0  12144-2 0  9998
2 53306  51.6314  76.5257 0006178 330.1086  29.9561 15.79222896 25138
RS3S
1 53308U 98067TT  22363.64028046  .00199597  00000-0  11410-2 0  9994
2 53308  51.6332  76.7215 0005815 327.7694  32.2950 15.77717068 25193
RS1S
1 53309U 98067TU  22363.47782636  .00228712  00000-0  12352-2 0  9996
2 53309  51.6320  77.1241 0006425 328.1755  31.8857 15.78894315 25122
RS5S
1 53310U 98067TV  22363.57469876  .00209826  00000-0  11905-2 0  9995
2 53310  51.6341  77.0332 0005801 324.1522  35.9088 15.77855055 25164
RS6S
1 53311U 98067TW  22363.69247037  .00241877  00000-0  12211-2 0  9995
2 53311  51.6306  75.5512 0006174 333.5341  26.5344 15.80343472 25212
RS9S
1 53312U 98067TX  22363.80308911  .00224211  00000-0  12302-2 0  9992
2 53312  51.6307  75.5546 0006645 328.9245  31.1362 15.78554161 25167
RS12S
1 53313U 98067TY  22363.66986865  .00214022  00000-0  11727-2 0  9996
2 53313  51.6330  76.1684 0006464 331.5789  28.4858 15.78615351 25197
JAGSAT
1 53771U 98067UJ  22363.51500114  .00271582  00000-0  14344-2 0  9999
2 53771  51.6314  78.8861 0008552 335.4271  24.6322 15.79246914 17845
SelfieSat
1 53951U 22057BA  22363.29429244  .00007819  00000-0  42252-3 0  9994
2 53951  97.5311 115.5095 0009531 205.8851 154.1905 15.14936768 32903
FO-118
1 54684U 22167C   22363.83617980  .00007215  00000-0  45895-3 0  9992
2 54684  97.5387 138.4746 0014286 192.6508 313.2665 15.09019068  3090
CAS-10
1 54816U 21035C   22363.63331686  .00093945  00000-0  10200-2 0  9992
2 54816  41.4774 109.0086 0007780 268.4333  91.5612 15.62395239  1682
